9.209276e-02	1.501702e-01	1.452698e-01	1.464098e-01	1.630005e-01	1.756698e-01	
1.501702e-01	2.451294e-01	2.370628e-01	2.389229e-01	2.659975e-01	2.866713e-01	
1.452698e-01	2.370628e-01	2.293973e-01	2.311268e-01	2.573175e-01	2.773174e-01	
1.464098e-01	2.389229e-01	2.311268e-01	2.330106e-01	2.593364e-01	2.794930e-01	
1.630005e-01	2.659975e-01	2.573175e-01	2.593364e-01	2.887938e-01	3.111644e-01	
1.756698e-01	2.866713e-01	2.773174e-01	2.794930e-01	3.111644e-01	3.354199e-01	

