9.321876764297485352e-01 -8.287317259659849819e-03 -6.622571516909235741e-03 -7.256960543183647167e-03 -3.103153893721467046e-03 -2.855888842362991863e-03 -3.235296734845422278e-03 -5.180284930882073091e-03 -5.500645334095746915e-03 -1.995898655995766244e-03 -8.633564543678154402e-03 -5.194590364281909990e-03 -4.635505759577239482e-03 -3.878583334169818670e-03 -5.274005102243904328e-03 -4.836740900999813783e-03 -7.370962782339796245e-03 -2.549881871309657173e-03 -6.615706567426033954e-03 -3.512088009647503731e-03 -5.978472318850712626e-03 -5.495056295325972777e-03 -4.532538277718012668e-03 -3.723617645793066838e-03 -5.664365725972446419e-03 -7.354375492372637255e-03 -6.033164314959959737e-03 -7.508873361844218761e-03 -2.189027189858311871e-03 -5.699159193678800944e-03 -4.147408842845269270e-03 -4.703153815481234470e-03 -3.749257772406387312e-03 -6.012702871516066756e-03 -2.008162677323375740e-03 -6.042572072018281490e-03 -2.655690293890218198e-03 -5.386814808815194693e-03 -2.870915383901820415e-03 -3.919607176197062448e-03 -3.540137313483937651e-03 -7.624117709769780843e-03 -7.223572785655740271e-03 -4.110322701949506788e-03 -5.314030209498644096e-03 -3.095510598140741032e-03 -6.542929629883459906e-03 -6.114949245236302351e-03 -8.420416695799435441e-03 -5.914143613849014332e-03 -2.421187053821550073e-03 -4.226642402387341402e-03 -4.471881365221542712e-03 -6.769782588636304860e-03 -6.423849888043634861e-03 -8.632368405552601556e-03 -5.316619438410211639e-03 -5.085581348295692243e-03 -5.316262039188823611e-03 -3.806058784475891549e-03 -4.214592685384787631e-03 -2.090534409347822795e-03 -4.281835117960599950e-03 -3.279631589962105510e-03 -4.162263670508499665e-03 -4.912587055058971648e-03 -6.315155004790466015e-03 -6.480340598267079338e-03 -9.204989562103910519e-03 -6.585133385103129032e-03 -3.501901005106484218e-03 -3.540610090007563927e-03 -5.837981974979047049e-03 -7.472524554020576297e-03 -2.196948112072550242e-03 -2.526372168554470114e-03 -1.137653776671194127e-03 -7.676449428801589842e-03 -6.073794702358865927e-03 -7.424528497674455149e-03 -3.323411417158058604e-03 -6.262677261360510839e-03 -4.242398164531724705e-03 -5.671915277495103748e-03 -7.299261197309493861e-03 -1.465465536760160350e-04 -7.425739057962787992e-03 -7.160624552047623742e-03 -6.508434069977026351e-03 -8.338422193470198043e-03 -6.774194869061760799e-03 -3.352437597176532828e-03 -2.980661958306450587e-03 -4.456358611144570388e-03 -7.374606631904639421e-03 -7.445472632878885437e-03 -7.235843792718446056e-03 -4.302762577539315757e-03 -6.666568577932060168e-03 -5.117737362983684583e-03 -4.671276328811927586e-03 -8.717176131009080411e-03 -4.628796299036507488e-03 -5.099834501355452951e-03 -3.179345278302167423e-03 -3.845855390589088870e-03 -5.121638558015630636e-03 -3.799195187070450279e-03 -4.938580299314105325e-03 -7.581959023808798777e-03 -4.475392711165845742e-03 -3.302127910435715286e-03 -5.830981367027197534e-03 -5.324694948181746268e-03 -5.264847479571294585e-03 -7.886585748814844976e-03 -7.839141340195051808e-03 -5.445497687781174559e-03 -3.976646379298727323e-03 -3.056861004661127514e-03 -5.518801484957799874e-03 -5.263642327594004675e-03 -1.601547600103078164e-03 -1.871514938447363125e-03 -4.588734685682230308e-03 -3.761472217549441648e-03 -6.841640113301664453e-03 -7.964581706513372203e-03 -6.430863115387917307e-03 -5.755842349636838308e-03 -4.870778106545400193e-03 -4.192381202626079342e-03 -8.076569800498799648e-03 -2.954823526954906878e-03 -4.514435308581209866e-03 -5.166394585354743343e-03 -4.980773237911689452e-03
-8.287317259659849819e-03 9.379904866218566895e-01 -4.780272274713125852e-03 -6.578516767235292190e-03 -5.894665581629671830e-03 -6.915653751302609439e-03 -4.132716715205897798e-03 -4.237661385443722284e-03 -8.949559538495405545e-03 -3.985933801436355312e-03 -3.694018860842974462e-03 -6.456093787786066837e-03 -4.844863282800382538e-03 -3.461504076467576425e-03 -1.534966558898497599e-03 -5.220490765864148515e-03 -3.836176767286058210e-03 -1.243769030764896137e-02 -5.889718779796188075e-03 -6.363729750418127204e-03 -3.107693720149007615e-03 -6.610191442240506872e-03 -9.268549836244994317e-03 -7.622331164355428124e-03 -9.316033229773551787e-04 -5.130483400032951995e-03 -3.849420368951229476e-03 -2.166154090382078987e-03 -3.610896274968801792e-03 -7.848458958735999441e-03 -3.390526529078080002e-03 -5.000897112608016469e-03 -6.067230815523692693e-03 -8.632281872575923304e-03 -6.128417742502321498e-03 -6.083782951469076522e-03 -4.795100511513731602e-03 -1.175021375087455938e-02 -5.702191002710674250e-03 -8.601980007190312971e-03 -6.757388091804795993e-03 -6.417556867453170534e-03 -1.222419903201904696e-02 -5.052933177302838981e-03 -5.731419318354359985e-03 -2.222531676766218833e-03 -5.880869430852998618e-03 -4.755013659374590293e-03 -7.101506754735315528e-03 -2.352894282172037811e-03 -6.191048688529280676e-03 -4.593268202413554845e-03 -4.839377452633002001e-03 -8.415786280161935071e-03 -6.797703445085481050e-03 -9.120804693802485666e-03 -2.722795265227034855e-03 -8.900559339065739622e-03 -7.845684495171229011e-03 -1.614835369641762740e-03 -3.600088441389369051e-03 -1.033187156060262103e-02 -5.328014299084042962e-03 -8.296713298710912607e-03 -5.391939634220492203e-03 -9.375688477995702125e-03 -5.494196373870225379e-03 6.950671776590372801e-04 -6.160507505380043332e-03 -5.497262435538701614e-03 -8.264134534376436567e-03 -6.489499573017448730e-03 -7.163638333376022918e-03 -1.128690717988336742e-02 -6.911063447305339745e-03 -1.836548855480237344e-03 -5.746129924389792136e-03 -2.443455549192497227e-03 -8.207828608113608426e-03 -5.221815351376959090e-03 -3.795525197335569006e-03 -8.596380602491042119e-03 -8.293345723701821270e-03 -6.313741182145454420e-03 -8.030215166554057762e-06 -5.578746753859601358e-03 -8.594155082497079504e-03 -1.168047177721196796e-02 -2.187089211734771776e-03 -3.620076882963341614e-03 -6.086134214694776702e-03 -7.416439467125314489e-03 -1.016661881393056237e-02 -7.709742991578841069e-03 -4.189385899693742581e-03 -5.955801580345984093e-03 -6.734012470094203305e-03 -6.682255834803240216e-03 -9.939968216149222199e-03 -8.871234575208462869e-03 -4.835839065133486908e-03 -8.940937789308585001e-03 -3.479919826259666310e-03 -3.504878505681639691e-03 -3.449856602598804466e-03 -4.034874058751968494e-03 -8.070668431766325410e-03 -9.655938142363131027e-03 -7.526629748381717666e-03 -4.964812861332866013e-03 -4.046019235732673490e-03 -7.763613375102224393e-03 -2.523069493277887466e-03 -2.394434617903834408e-03 -7.146653983239831774e-03 -5.658415231748002705e-03 -6.166970437075757448e-03 -1.858127791193273657e-03 -6.615187820258546653e-03 -1.030813042720407505e-03 -9.571663135544332054e-03 -7.652635733896559489e-03 -4.460557713976437411e-03 -8.764808027745010733e-04 -4.739904641092364604e-03 -8.000534355553156479e-03 -6.849415461810343629e-03 -6.138638098294769974e-03 -2.753843477536500970e-03 -4.312863499796243567e-03 -4.661385879993068526e-03 -4.253793475898143446e-03 -4.671978507862270709e-03 -1.155540818989627197e-02 -8.281395159068378684e-03 -6.601774307488125597e-03 -5.737007906431545838e-03
-6.622571516909235741e-03 -4.780272274713125852e-03 9.404077529907226562e-01 -1.926055896203434791e-04 -5.896587785512672278e-03 -1.001046735335775657e-02 -5.264385068977166758e-03 -6.848285575495061291e-03 -1.859286183814675862e-03 -9.228082148869947918e-03 -4.574391394105096348e-03 -9.797139228444289374e-03 -1.289722548307322726e-02 -6.022054742693617319e-03 -8.387500813409980854e-03 -8.117858649767122417e-03 -1.961896829818248270e-03 -4.697205124027138690e-03 -3.683999288597976547e-03 -1.303194628579407632e-03 -1.025154912777067120e-02 -1.717898623675699274e-02 -6.820702738486037614e-03 -2.626717971635874824e-03 -1.250962715420961095e-02 5.391683866177443551e-04 -4.935795920512422996e-03 3.019531039075869488e-03 1.378409813016947963e-03 -5.858044217464119813e-04 -1.290195234692431865e-02 -6.843187791644975843e-03 -1.346409850637159686e-03 -9.002790839930607802e-03 -1.131232624178282915e-02 2.582906821305134409e-03 -1.538676389858058269e-02 -1.605735480689531730e-02 -6.735955856528786333e-03 -5.612918265796075848e-03 -2.683837398018002352e-03 -4.568855537060574103e-03 -8.823127085120239035e-04 -8.038772917393544395e-03 -1.093346053248240267e-02 -4.031751209817547102e-03 -5.331617135623480629e-03 -8.115259054926056426e-03 -4.650554385052824147e-03 -8.777261565305399457e-03 -9.443981925684095946e-03 -9.384223694205844415e-03 -8.348385203795544510e-03 -3.847064148107073780e-03 -3.441465213660447730e-04 1.318993995231571492e-03 -4.347472634234568305e-03 -3.922102661050561089e-04 -3.471281176100838011e-03 -6.666159799755769048e-03 -7.119240155950883921e-03 -7.046775548371010840e-03 -1.266429132924574638e-02 -7.719212944214151779e-03 6.002940194045584951e-04 -6.389677925414573821e-03 -1.080625795814942232e-02 -1.158033194064276303e-03 -8.343608763759896227e-03 -3.765463776445054662e-03 -6.711880759923370687e-03 -1.147416273864641269e-02 -4.014491035818191535e-03 -2.078687165989921164e-05 -4.662450866575841742e-03 -5.914747541915420237e-03 -9.200972088384551384e-03 -2.731938916429450716e-03 -9.796813828396569793e-03 -4.618913511991624109e-03 -1.102851971151982448e-02 -9.899297717110084466e-03 -7.271346199863947153e-03 -1.390633069200075331e-02 -8.590463008825439950e-03 -1.124381195472686987e-02 1.688016578434759158e-03 1.466246756022925946e-03 -9.050932920674874260e-03 5.675410398506279715e-03 -1.262481967248768253e-02 -9.647683256942021475e-04 -9.380197206634749083e-03 8.552808431904489238e-04 -2.688114696013691254e-03 -5.509427079150906216e-03 -2.214309015865071218e-03 -1.185162408984615119e-02 -6.595130197372489275e-03 -5.021605084896926460e-03 -6.446849181444191425e-03 -8.793887614835028607e-03 -9.058716381650117402e-03 -8.564916851616482737e-03 -8.720048845557789793e-03 -2.400673104691287193e-03 -5.537172165491203134e-03 -2.751332218442461598e-03 -8.071427398082614557e-03 -7.714608668746688637e-03 -9.651486200990029227e-03 3.677045552675161158e-03 -5.788226865466373529e-03 -1.287520193912324376e-02 -4.372813275623914017e-03 -5.679226412639306297e-03 1.529618415316405999e-03 -2.127693787788950772e-03 -1.268110847243220964e-02 -9.384375126915032658e-03 -1.525897271972914866e-02 3.049751554449548624e-03 -1.013735083733923251e-02 -7.344470170698410780e-03 -5.964961456481527452e-03 -4.779120755153673517e-03 -5.377105087723670421e-03 -1.215634095336957064e-02 2.669350560851950407e-03 -5.768820042675756182e-03 -1.548237652811467911e-03 -1.193590089943529810e-02 -5.590428705711268653e-03 -7.306457856536632128e-03 -4.687171354965654485e-03 -1.020187288946069852e-02 -1.576674281857057616e-02
-7.256960543183647167e-03 -6.578516767235292190e-03 -1.926055896203434791e-04 9.504531621932983398e-01 -7.967251609397988515e-03 -5.489002592499137197e-03 -5.323960319265148150e-03 2.622388843992696280e-03 -1.366126975273836575e-03 -1.004577641338348995e-02 -8.398883505383966663e-03 -1.285490274501062402e-02 -1.403566143672893389e-02 -9.258950985529840194e-03 -7.240409308623438171e-03 -2.024506142601038318e-03 -3.050636263997574468e-03 -1.313768800587178202e-02 -5.717624745001740347e-04 -8.960838571174412071e-03 -8.695227402028517932e-03 -1.343109969654615772e-02 -9.918110527071206939e-03 -6.989141431054677993e-03 -1.042904178371694031e-02 -4.003545064960882874e-03 -6.708785403236748775e-03 8.503054787142723088e-04 -4.045314803219395884e-03 -1.977022073033601456e-03 -1.080133549371562959e-02 -8.511737830521358406e-03 -8.574404831955267578e-03 -9.662109025262552789e-03 -1.098400119917398998e-02 1.043965198859703007e-02 -1.864392102665953996e-02 -9.553908551777179348e-03 -3.626214865303922265e-03 -7.684990954707948164e-03 -3.197359686345649897e-03 2.559430469801375879e-03 6.324765122820291685e-03 -4.747154932737340446e-03 -8.955677239669578016e-03 -8.199646734891572614e-03 -9.168341043709999152e-03 -6.611892806755940988e-03 -6.098826619326205671e-03 -1.158200085529194172e-02 -1.141872394492072194e-02 -9.311824437051067008e-03 -6.086587611437167464e-03 -6.052703641371116362e-03 8.555967786938446741e-04 2.831826365150009149e-03 -2.873555090383117083e-03 6.823085550192818823e-03 -1.903652024046706501e-03 -2.813515626730659497e-03 -6.969080653320513033e-03 -6.582164222340830366e-03 -9.587133609281227320e-03 -7.675104562122369786e-03 -4.425908017205293712e-03 -9.893671270855601552e-03 -8.237991660182462580e-03 2.251912551850559618e-03 -8.362907420329664457e-03 4.321970194206536768e-03 -5.457570615451951684e-04 -8.672855022016296919e-03 -3.499285410678584871e-03 -3.166114972068308914e-03 -3.921429326325777745e-03 -4.803418493897002560e-03 -9.017994503656076577e-03 1.969920059249705840e-03 -8.165614937657028269e-03 -2.703580662824717987e-03 -6.353660376642280422e-03 -1.490559187344586700e-02 -3.130887487400798707e-03 -1.317923915822566405e-02 -7.484138901984212569e-03 -8.895747745008316179e-03 -4.424482363879878141e-04 4.219644047898425503e-03 -6.266314801229137116e-03 3.680604221341085731e-03 -1.264073182495971046e-02 3.819837808934264597e-03 -8.274087629464870267e-03 -4.692749126420756207e-03 -4.484389436584942761e-03 -4.286342494521885524e-03 5.364313305376835692e-04 -6.394814919519716846e-03 -9.201247912247715807e-03 -9.960961476845621096e-03 -5.633122814465452502e-03 -3.003790375133145573e-03 -1.156302219045885100e-02 -9.448805237748776620e-03 -1.281890322394180562e-02 1.508423018994796026e-03 -4.369278944357680473e-03 -5.766892430481713669e-03 -5.570172778086988907e-03 -1.106367733883636961e-02 -1.141240884039350194e-02 -1.039335233914788839e-02 -9.867686589759617523e-04 -9.378605360417924600e-03 -6.375495531090952586e-03 9.841407831750702533e-04 3.306450503036384523e-03 -5.398928974857670170e-03 -1.104162585194599921e-02 -5.761786083472478573e-03 -1.449029758373392325e-02 9.450235736019501828e-03 -1.263575708018583980e-02 -5.851815983933018189e-03 -5.650913904332140886e-03 -7.142529695377384906e-03 -9.662109926647725888e-03 -1.057419724655529573e-02 2.913717884223146221e-03 -1.065093306778093496e-02 -1.932047009097269483e-03 -1.005997413125506515e-02 -5.424465216829718085e-03 -4.187563298872440734e-03 -1.855802668137611789e-03 -9.919567165511971110e-03 -1.011024618516487804e-02
-3.103153893721467046e-03 -5.894665581629671830e-03 -5.896587785512672278e-03 -7.967251609397988515e-03 9.397493600845336914e-01 -9.475317679863983281e-03 -6.552041732604795173e-03 -1.226855078810773839e-02 -4.971882875943094485e-03 -1.246343364286467545e-03 2.140641509770842277e-03 -2.482643269620833128e-03 -4.417503389172197864e-04 -6.621255945248163098e-03 -7.327136533807395574e-03 -5.842373523545507825e-03 -7.096586543764456419e-03 -3.552934954834401429e-03 -6.867744227933168279e-03 -2.146888785063738852e-03 -1.574504242120537819e-03 -6.362478177104389718e-03 -4.688489630782249028e-03 -7.947640172172932768e-03 -9.613431747071377823e-04 -9.908048364376750156e-03 -4.647860144768515937e-03 -6.616300129562941411e-03 -1.116346698726557694e-02 -5.800723218822514612e-03 -5.419362024668590572e-03 -4.300725447046664478e-03 -6.314386123237265835e-03 -8.347651476264119708e-04 -5.991518066470248073e-03 -1.456665211903107084e-02 -6.291637527588155336e-04 -6.106550588879981756e-03 -2.924957481300800594e-03 -9.409543603736194098e-03 -7.272779402290193394e-03 -9.783135308385069312e-03 -7.960809409561271296e-03 -4.293876722496589755e-03 -7.746061602999163888e-03 -7.465914696541542037e-03 -1.118720857135670731e-02 -1.726152044345900653e-04 -5.752264301189678221e-03 -3.237632449176875218e-03 -2.486442608128146530e-03 -3.715654809168249858e-03 -6.668825195714518130e-03 -3.174400504585324877e-03 -8.619672395380476720e-03 -1.350946341939557142e-02 -1.105997715269816696e-02 -1.099335938004775658e-02 -7.698100700674818768e-03 -5.628018270226564472e-03 -4.578396248432022551e-03 -6.173168812222978689e-03 -9.716725981056085820e-04 -2.065936058649051749e-03 -1.125168645560466023e-02 -1.135935961876339455e-03 -6.160253314761048905e-03 -9.908550435918523844e-03 -9.329560091729570750e-03 -1.081630209314040324e-02 -9.844596256456514607e-03 -1.872214864034771982e-03 -7.361668149120779124e-03 -9.968265400908435381e-03 -5.077360715511186270e-03 -5.417520494758639761e-03 -1.035353905740897702e-02 -7.561070774485140547e-03 -9.279407020662690242e-03 -2.633725565322821063e-03 -7.441582705161610932e-03 -2.302638002502764569e-03 -4.532926324035306889e-03 -1.721221129426104158e-03 -7.622325756044386058e-03 -2.417462980976244243e-03 -9.939311106357566136e-03 -9.908847893025858264e-03 -5.168969392103530888e-03 -1.396985671350523678e-02 -5.392446663380721407e-03 -9.391871046019852412e-03 -4.131842822279956952e-03 -7.179872731047662847e-03 -8.335815387547743788e-03 -5.419038427391218056e-03 -4.398947135966150938e-03 -4.846990551810407936e-03 -6.405271888920271300e-03 -3.541711131997287137e-03 -3.821305714689699883e-03 -8.475286715480496308e-03 -1.946569000285097240e-03 -5.995444950979645672e-03 -4.959391930897995033e-04 -1.225888523488972634e-02 -8.878352813925486850e-03 -6.369234960366743255e-03 -3.909076743904847488e-03 -5.987635237161217797e-04 -5.016217505713484008e-03 -6.760352296948639143e-03 -1.112635966381823188e-02 -5.601761821500698436e-03 -5.996058794282962609e-03 -5.708307351807085338e-03 -7.582281719700997326e-03 -1.074697746081325345e-02 -9.549800939540447828e-03 -1.037851553918813126e-02 -1.732532048605630757e-03 -1.307546448594335171e-02 5.734466704448767108e-05 -7.018813678896430007e-03 -8.531301381659059206e-04 -4.384604745774190945e-03 -4.269985959159203898e-03 -2.890782138477338264e-03 -1.140153002273163602e-02 -3.919591852649109351e-03 -9.292843969447628361e-03 -4.502546038139582270e-03 -1.037925647780094628e-02 -1.458361889215637353e-03 -6.472407507352995887e-03 1.089286574979785862e-03 -4.359423198868010024e-03
-2.855888842362991863e-03 -6.915653751302609439e-03 -1.001046735335775657e-02 -5.489002592499137197e-03 -9.475317679863983281e-03 9.559493660926818848e-01 -6.061656649609285970e-03 -7.121716711715734248e-03 -7.123154871760436005e-03 -5.625142400829747508e-03 -1.187630221313279791e-02 -5.837641251383373503e-03 -5.084025106793231205e-03 -4.602318109557902021e-03 -4.050317490933651697e-03 -6.498415173770908694e-03 -7.160738126579514924e-03 -8.646187541651206149e-03 -4.873882477083760038e-03 -9.642628288887688387e-03 -1.190231168232105952e-02 -1.236022796997328713e-02 -9.509928166380070269e-03 -6.636361808682280337e-03 -8.644434347488282391e-03 -6.968266702508625794e-03 -3.076574749103402895e-03 -2.215912129396567683e-03 -4.767756992268335804e-03 -3.190112774895075779e-03 -6.072344824306905205e-03 -4.642907033238816150e-03 1.731413598614739814e-04 -5.206791964686238554e-03 -5.681250923739526379e-03 -1.298443201982331938e-03 -2.846306441927257645e-03 -7.787634388597215046e-03 -6.465033725939216963e-03 -1.397793312466194451e-03 -4.538308945600293826e-03 -1.229900746639693782e-03 -6.555597697115197846e-03 -3.603575224587687777e-03 -5.942063118220430006e-03 -3.866321340958849950e-03 -7.583075840039062501e-03 -7.839721832246940650e-03 -8.099437942356577450e-03 -1.138130293943291627e-02 -1.045685402325268083e-02 -1.289344236949904049e-02 -6.797372186034131118e-03 -1.509688113086139760e-03 -2.681329293772071864e-03 8.737445917430407185e-04 -6.752048736728149050e-03 -7.498067556381425927e-03 -3.165186094646769976e-03 -4.842463795467886849e-03 -8.019275956085552062e-03 -8.165465307718187959e-03 -1.147176685685461113e-02 -3.560418254546788685e-03 -8.533506282467172646e-03 -5.674955649686127569e-03 -6.767146037003115774e-03 -6.660588337996884226e-03 -5.815896686144662875e-03 -2.700194384073270962e-03 2.664187539249915923e-04 -6.622836974842902583e-03 -6.113978904096771354e-03 -6.413966650306164932e-03 -4.254858913173503211e-03 -3.163597403278053943e-03 -5.471850584720629879e-03 -7.443501754196502930e-03 -4.118933634514243200e-03 -9.802957669740779492e-03 -5.409917761510732274e-03 -1.047177915895946242e-02 -3.728718359144966594e-03 -6.121264800456109774e-03 -6.703029608209833297e-03 -3.258204762997137915e-03 -3.076071550830162833e-03 -4.103293249672097277e-03 -7.180443758555227207e-03 -2.063944898800260629e-03 -9.529758640202343548e-03 -1.538852543055636325e-03 -1.022791751267073529e-02 -8.114568593882973135e-03 -3.712578832262862592e-03 -9.719884209358575430e-03 -9.783199306732404468e-03 -8.648545565265709778e-03 -5.644061574241371164e-03 -6.805504032379024355e-03 -5.369402751414064333e-03 -7.140985622574769383e-03 -9.912655343999734331e-03 -1.135233782825996289e-02 -6.485678150573379215e-03 -3.846507993454876401e-03 -4.822745994792329918e-03 -4.963955193340053099e-03 -7.230480100242108084e-03 -6.354748348546984150e-03 -6.409874361617386510e-03 -5.382450301803946846e-03 -4.106867241885975815e-03 -8.330302515825151188e-03 -2.527165838199947872e-03 -1.130709730638996408e-02 -4.307975287999052903e-03 -5.870778423832981839e-03 -6.939517923777369784e-03 -2.797032897443654190e-03 -8.789363562648028552e-03 -2.403102112388222269e-03 -2.569573306468882299e-03 -7.879001493962997302e-03 -5.056927215007679319e-03 -6.267093598019248327e-03 -6.681125948487957010e-03 -3.192854112554711823e-03 -7.150727342839961233e-03 -4.892827790665422658e-03 -2.452923023018579313e-03 -1.821462484500501605e-03 -3.423446918393403555e-03 -3.571245918600043923e-03 -6.508637783026291652e-03 -7.676764913612398392e-03 -2.005013237526329269e-03
-3.235296734845422278e-03 -4.132716715205897798e-03 -5.264385068977166758e-03 -5.323960319265148150e-03 -6.552041732604795173e-03 -6.061656649609285970e-03 9.459370970726013184e-01 -1.021844034895403458e-03 -5.818208739115305478e-03 -8.257029816437019484e-03 -5.312371210086376007e-03 -6.322384113883858410e-03 -5.234778622253096966e-03 -3.710104529960947181e-03 -3.065020568600113505e-03 -6.820518855910594376e-03 -8.299994340743325691e-03 -7.140386201434232444e-03 -4.805626887572665012e-03 -2.129110765282069950e-03 -4.686912206728204543e-03 -9.942227988779788611e-03 -1.165878805547248404e-02 -7.005385293270641536e-03 -5.218008801788256122e-03 -5.393020395043806800e-03 -3.185780041711202236e-03 -2.902572256549854242e-03 -4.350390418041963879e-03 -5.106516018955798916e-03 -1.212206397936776980e-02 -3.192240494597688594e-03 -2.513618469731226154e-03 -8.986157579319586919e-03 -1.078383059364160235e-02 -3.489924525649297244e-03 -8.545732670963779656e-03 -9.716634715807243375e-03 -6.612144743912000931e-03 -4.796916351946230866e-03 -4.334818989165609496e-03 -6.866105960379896220e-03 -4.244059417406927277e-03 -1.897498605485025357e-04 -9.237976653922090262e-03 -6.817473976793701589e-03 -6.036970413856075288e-03 -7.782674065986125260e-03 -8.092045682546736979e-03 -9.416450918322561911e-03 -9.701899772372121061e-03 -8.094090024120778257e-03 -9.608969665115072584e-03 -6.457160577139187119e-03 -6.584983755164287855e-03 3.770091487927034433e-03 -1.155340080511435335e-03 -9.392125236638846839e-03 -6.030937442888235737e-03 -1.961600274096088250e-03 -1.158493238522323660e-03 -7.755503612694087702e-03 -7.073823413279420151e-03 -6.047013647461883974e-03 -2.541988892035804831e-03 -8.302412757164468610e-03 -9.144466955998327776e-03 -4.785561152220043669e-03 -5.416990930969067461e-03 -3.015288219063076355e-03 -4.698688804023114056e-03 -1.150867767833408176e-02 -6.866687353816958161e-03 -1.010262407213573591e-02 -5.409215582460388284e-03 -6.064631671375214118e-03 -1.162274166237463151e-02 -7.349101487721085985e-03 -4.691462849777829243e-03 -7.006941084080516892e-03 -7.403393719505779041e-03 -1.024579919174738521e-02 -1.012954754589016904e-02 -9.171451723944575030e-03 -2.385117900748060307e-03 -9.945772235282932319e-03 -7.662054307576966240e-03 -2.863381268600263580e-04 -8.100023842719508357e-03 -3.600240099444850569e-03 -1.424689113695793395e-02 1.745411377987464560e-03 -8.722890011625416412e-03 -2.163026509175495354e-03 -3.255102420575418844e-03 -7.128062914031448732e-03 -4.133794771873690495e-03 -4.460139921948409227e-03 -6.257787246792972241e-03 -4.533084517133298581e-03 -4.644804449029538151e-03 -1.385336620057697928e-02 -1.059974791069012191e-02 -8.170602301823330985e-03 -1.234425452330944507e-02 9.633586719556199319e-04 -2.336480058158236627e-03 -6.262574052758117238e-03 -6.838258116129793118e-03 -9.845121764012804491e-03 -8.855824494278208628e-03 -6.012398654019929754e-03 -3.653581144524954867e-03 -9.606215032024124217e-03 -7.158438242308718703e-03 -7.529533110026334110e-03 -3.229607191628776873e-03 -7.774946265545361118e-04 -7.559922409773795794e-03 -3.414561514043263669e-03 -8.712618727570653129e-03 2.175256277866502788e-03 -6.720602562864477249e-03 -7.841484040261602340e-03 -1.046497099674220665e-02 -6.931754743968536123e-03 -1.709400138911387410e-03 -1.024156989251219854e-02 -5.730535960884094657e-03 -5.212678911255932794e-03 7.261955005758193027e-04 -1.199565011706181170e-02 4.787186237015150152e-04 -2.397988103605009757e-03 -6.795256184338777268e-03 -6.996148348702743540e-03 -5.289786103173152627e-03
-5.180284930882073091e-03 -4.237661385443722284e-03 -6.848285575495061291e-03 2.622388843992696280e-03 -1.226855078810773839e-02 -7.121716711715734248e-03 -1.021844034895403458e-03 9.548072218894958496e-01 -5.361158231922453880e-03 -1.278299113723484030e-02 -1.040416986261793846e-02 -8.789082330473822063e-03 -1.695252222570661771e-02 -2.996382341082765022e-03 -1.062290359441832310e-02 -5.799271538000206824e-03 -7.159624014504773100e-03 -9.102117176380512473e-03 -7.323857294545330424e-03 -3.381905005237552733e-03 -7.602533140399408106e-03 -1.216278135043594166e-02 -5.233359841989630723e-03 -5.259295848286231825e-03 -1.171957657020432017e-02 2.090981496393997849e-04 -6.011350343062870152e-03 3.954521880209285571e-03 -8.588147350314103215e-03 -8.524039935372557802e-03 -1.044018560861988479e-02 -5.464120756163224311e-03 -8.117535052489749034e-03 -9.424521019783053608e-03 -1.423065989413440334e-02 5.380734064433147050e-03 -1.567883973642747453e-02 -1.093860924459480466e-02 -4.128289561925075311e-03 -2.602110381739073004e-03 -4.816473255368275072e-03 -1.554403578092434807e-03 -4.509128854063403601e-03 -7.952890740809967843e-03 -1.011191194496595044e-02 -8.138013622251943913e-03 -5.061779822090507405e-03 -1.453646923648839462e-02 -5.877242707606456472e-03 -1.677571732664791260e-02 -1.517927945374846974e-02 -1.081761811549406330e-02 -9.099438259644158228e-03 -7.451293778330896588e-03 -2.510333822158118504e-03 -1.312435178688000845e-03 -4.826614514611727593e-04 1.580470172566081268e-03 -1.170222400422465427e-03 -2.954253400832516484e-03 -1.372896873690467555e-02 -1.091376706920653590e-02 -1.625329250765182240e-02 -9.537111239064539892e-03 -5.841525770789605726e-04 -1.004595939457375922e-02 -3.378225776304640254e-03 -2.859111069012818147e-03 -7.585818755122751902e-03 -3.310497497120182611e-03 2.683358311798160045e-03 -8.741915548487541252e-03 -5.859669302259225970e-03 1.753365426106837533e-03 -3.539928868162510109e-03 -2.350241505605721662e-03 -8.068266240278308687e-03 -2.115801137152921885e-03 -6.160455225039966273e-03 -3.695421416173313208e-03 -1.442921702020579650e-02 -1.643391206876579358e-02 -5.074336568253289513e-03 -1.332558354810818059e-02 -5.093992624044444903e-03 -1.688762069042700625e-02 -3.054013754243577270e-03 -3.664654436038054016e-03 -1.177445740650746517e-02 3.568613648546430529e-03 -6.120950667723060873e-03 5.570664483699264147e-03 -1.910096477346358984e-02 -7.693398174223418408e-03 5.670677224958971425e-03 -7.256822180559478405e-03 7.312056247177582810e-04 -4.695823751248382090e-03 -3.712950653647030183e-03 -5.517923535798577479e-03 -1.278988763519912225e-02 -1.264187838690070641e-02 -3.145364183983645912e-03 -8.365960411913122077e-03 -1.710567297503604381e-02 3.371767858563955405e-04 -2.812112170015146784e-03 -4.702238458837301564e-03 -7.796080367675156317e-03 -1.337924841581195241e-02 -1.188493748309722535e-02 -5.779187774944111351e-03 4.533697008358855002e-03 -8.708766207338089135e-03 -1.542010546011833528e-03 -4.967736954836478487e-03 -5.584243400649066460e-04 -4.701586306664101017e-03 -1.042146834548717850e-02 -3.207050027655939523e-03 -1.420162357353272307e-02 8.733207266324042456e-03 -1.154921387098233228e-02 -1.148028584813162549e-02 -5.356667530986881920e-03 -4.767934565147563010e-03 -7.616816264516194750e-04 -6.400970028178598094e-03 -2.062532878925597401e-03 -1.993093319988794611e-03 -4.281023871304234611e-03 -7.447215461112310746e-03 -5.619622318025764909e-03 -4.663375687764098262e-03 -1.872776652344305352e-03 -8.359566886875785183e-03 -1.061912859331070116e-02
-5.500645334095746915e-03 -8.949559538495405545e-03 -1.859286183814675862e-03 -1.366126975273836575e-03 -4.971882875943094485e-03 -7.123154871760436005e-03 -5.818208739115305478e-03 -5.361158231922453880e-03 9.508241415023803711e-01 -8.246683717412835180e-03 -8.399622641226433747e-03 -1.073512604854892291e-02 -1.055937577014349170e-02 -9.400231393506288530e-03 -4.119349623771924318e-03 -2.614404824816296286e-03 -6.677085489446669096e-03 -8.575064645902444674e-03 -6.297701032978756178e-03 -5.460073536733132948e-03 -6.012366204153674759e-03 -1.471155609540595287e-02 -5.344233373207728927e-03 -9.782278992470016046e-03 -5.696041753055421618e-03 -8.209185192800087447e-03 -6.128038259344176925e-03 9.009661986436878767e-04 -3.996087004033359313e-03 5.053490909379089934e-04 -7.950407424656314934e-03 -7.139609207414468299e-03 -9.661790836296223206e-03 -4.787925485530763331e-03 -9.106425797510989129e-03 1.440052277527755159e-03 -1.152325127382310480e-02 -1.069764284748412828e-02 -5.188736768963643844e-03 -9.497782902549099446e-03 -4.745847473542830902e-03 -3.245871335011149897e-03 -5.094148112986915562e-03 -8.068651131747496194e-03 -8.874289369562268423e-03 -9.105793926504197194e-03 -7.157654487900151977e-03 -8.418801413568093028e-03 -4.013085325639743906e-03 -3.014785246136129568e-03 -5.514901191311027788e-03 -7.803314885079591645e-03 -6.179657884088731769e-03 -8.048371768108698518e-03 -7.577356438438537147e-05 -3.853472545999776788e-03 -8.901342642781719799e-03 1.791166140099081548e-04 7.801328682849256258e-04 -3.625847325499329931e-03 -3.803909431529109170e-03 -9.237463765758232442e-03 -6.822566352332744104e-03 -1.711544872259154401e-03 -3.704779822393373077e-03 -7.846779678157323606e-03 -5.795394229675365251e-03 -5.542928974576438565e-04 -5.851321123472635367e-03 -7.389802408509837722e-04 -1.011129720027745954e-02 -6.383797739233682163e-03 -5.997736722783878795e-03 -4.403445949368285997e-03 -4.699843027738088291e-03 -3.736566043813838167e-03 -7.971564737454334137e-03 -5.755246534036996368e-03 -7.311114412344171462e-03 -6.798536775678602935e-03 -8.344604794376878770e-03 -6.884560469734456699e-03 -6.914317898475127316e-03 -1.223309660506903193e-02 -6.963442038366183737e-03 -9.714887831340536517e-03 -1.915197190698258826e-03 -1.524264187384391858e-03 -8.359062111178492196e-03 -1.293539328617747614e-03 -8.652737907708773352e-03 -2.394055641774850190e-04 -8.048393401352868515e-03 -4.053215894959811541e-04 -7.036454688131690664e-03 -3.151729090041715652e-03 -2.421797967623052269e-03 -8.969154750787335095e-03 -1.030657238293126651e-02 -7.959770112455948760e-03 -7.694989119055068924e-03 -2.374781266268199617e-03 -7.535977112633399262e-03 -7.850052607723171857e-03 -6.387122949139608340e-03 4.273928364394561670e-05 -1.024988246658442570e-02 -3.291924455615275000e-03 -8.175237224386700322e-03 -7.759756347943792300e-03 -6.995907228168768595e-03 -9.788637363485576046e-03 -3.766158969760301494e-03 -6.994484842364607352e-03 -6.795559951142327720e-03 -1.507213698111077495e-03 -1.386537039762825814e-03 -6.515881314282464046e-03 -1.125341170682719882e-02 -6.499787532697927361e-03 -1.323224962029329911e-02 -2.438790204879513670e-03 -7.305722326234860044e-03 -9.673932494586496428e-03 -7.270271298044262039e-03 -1.196479840672022045e-02 -1.156924805785387173e-02 -1.388010489037079520e-02 5.845131311484564642e-03 -4.476752901393019762e-03 -3.945676587499376796e-03 -1.194866992180649429e-02 -8.428382236579773021e-03 -1.038870750134760629e-02 -1.608288383778597478e-03 -6.794332715228281264e-03 -7.818953016458803085e-03
-1.995898655995766244e-03 -3.985933801436355312e-03 -9.228082148869947918e-03 -1.004577641338348995e-02 -1.246343364286467545e-03 -5.625142400829747508e-03 -8.257029816437019484e-03 -1.278299113723484030e-02 -8.246683717412835180e-03 9.393879175186157227e-01 -8.551202276198032262e-04 -3.952985469180645729e-03 -1.446980436646265640e-03 -5.644221119417123372e-03 -6.876795937847862521e-03 -9.329625892847253840e-03 -4.910824396351723409e-03 -6.195658372307785884e-03 -5.223982732027216032e-03 -2.669202733683457163e-03 -4.208498870917720507e-03 2.051059569573364209e-04 -5.052074157232264683e-03 -8.697834207950972188e-03 -1.253457659443355313e-03 -7.795883865707281014e-03 -7.917822350625621994e-03 -9.305283084845237737e-03 -6.882717587746746239e-03 -8.516028423948359197e-03 5.759639434681217444e-04 -4.024006508404774987e-03 -1.056472909669033296e-02 -2.057864605110799102e-04 1.738700903388412178e-03 -1.409574506825490500e-02 2.646805340232665296e-03 1.228329744955012183e-03 -7.190723605769141873e-03 -9.738255340584565239e-03 -3.235136288284496536e-03 -5.339289275529766204e-03 -8.289575229520066563e-03 -1.893257926262019962e-03 -2.880511755807747213e-03 -1.185805006474974221e-02 -1.218142830552509590e-02 -1.411606927580609473e-03 -3.872190710517656610e-03 1.870182691160575568e-03 -2.261044710392010547e-04 1.623101747723836681e-05 -1.015655462311946611e-03 -5.780075188647658228e-03 -8.620679242619545130e-03 -1.721656678742055149e-02 -8.473243275291628129e-03 -1.467080447170117895e-02 -1.273133185154264047e-02 -8.831016571526543665e-03 -3.097544573785284729e-03 -6.017516268343837266e-03 -1.192806155257928290e-03 -2.591604737539136057e-03 -1.362520578262962391e-02 -3.529813523742802734e-03 -1.497930332206731706e-03 -8.395178812319896780e-03 -4.340243525141175909e-03 -1.150667840601872667e-02 -1.118129548461697584e-02 -4.200104721487268877e-03 -5.218582533451341515e-03 -1.102241192558256304e-02 -6.967586607395039218e-03 -8.092726228352910972e-03 -6.208737020486162876e-03 -1.079043143726889954e-02 -6.667738125194987500e-03 -7.325691613373890368e-03 -1.159820302844361993e-03 3.524891510001596992e-03 -8.567198257491217411e-03 2.139547453516215791e-03 -1.434431802950047715e-03 4.575688938062694860e-03 -1.723270879311188108e-02 -1.683469856410639912e-02 -2.148414942836027208e-04 -1.244732881931176136e-02 -3.205903465714942269e-03 -1.407906042868898103e-02 -1.348215775832747269e-03 -6.903761326012874261e-03 -1.472474606465328656e-02 -6.584617792783749313e-03 -9.968185177627972293e-03 6.677647841121936304e-04 -5.902478788315648067e-03 -1.068045884053195338e-02 -4.311025124734401207e-03 -6.831805099670990034e-03 -3.766363809541033603e-03 1.261018703626977844e-04 2.307378837824048540e-03 -1.233541824445127423e-02 -9.437353139116413589e-03 -2.354552154852838659e-03 -4.668777689110320712e-03 -2.021959278792636368e-03 -2.647402507910267752e-03 -7.129287896482561573e-03 -9.108357465938313191e-03 -3.845005835062839054e-03 -1.232442134533164903e-02 -7.500521126824345741e-03 -1.358031589959221054e-02 -2.874324647975197520e-03 1.240922884544183548e-04 -4.830545680700700124e-03 8.222948217671625622e-04 -1.879285509614621319e-02 2.133249700653589223e-03 -3.991947392622960215e-03 -9.255874557931866378e-03 -2.576203895806911722e-03 -1.970560493415648290e-03 -7.422606631810894830e-04 -1.619440321148105794e-02 -6.593575758640375303e-03 -7.421047348133471763e-03 -2.812606805129236331e-03 -1.085185993547409071e-02 -6.797524970821079877e-03 -9.493108319038085982e-03 -2.894826203059321611e-03 -3.263414318608766612e-04
-8.633564543678154402e-03 -3.694018860842974462e-03 -4.574391394105096348e-03 -8.398883505383966663e-03 2.140641509770842277e-03 -1.187630221313279791e-02 -5.312371210086376007e-03 -1.040416986261793846e-02 -8.399622641226433747e-03 -8.551202276198032262e-04 9.529367089271545410e-01 2.244086725772150882e-03 -2.234947356149310279e-03 -5.720389969368479786e-03 -5.560523900494691342e-03 -8.066751011801251425e-03 -1.263193520704918374e-02 -6.443228317201278761e-03 -7.005942800000599865e-03 -2.978529957024262514e-03 -7.537995201364255590e-04 5.649069219574082493e-03 -8.172275272705791654e-03 -1.382359344828835469e-02 -1.993442606743618672e-03 -1.060640464019819117e-02 -8.569892497775524753e-03 -1.431319522756788372e-02 -9.494739826202554592e-03 -6.585836465538646121e-03 -2.939629553120056294e-03 -4.962949698178746073e-03 -5.461743803460072585e-03 -3.273786332456696604e-03 -5.783534592271324330e-04 -1.640491631049693574e-02 1.775267283058366103e-03 -3.173363235596643548e-03 -9.070024258654682189e-03 -5.984995192660480350e-03 -6.770559582656068137e-03 -9.858642541618899829e-03 -1.006954684180018204e-02 -3.202470990973341376e-03 2.695134458400483008e-03 -1.026083609921571091e-02 -9.157930044953304857e-03 -1.656674289212360781e-03 -8.999950575248154283e-03 -4.290627228945257700e-03 -2.799521171215763049e-03 -2.792649010651170830e-03 -6.081195976020442595e-03 -6.260892969409092602e-03 -7.035683553115556002e-03 -1.632360595951456647e-02 -1.014780149704357266e-02 -1.475995597230990962e-02 -3.883896098383840968e-03 -1.129464286744440160e-02 3.859164342679356242e-03 4.243543825087548425e-03 -1.601238988354218833e-03 -3.304473990696666676e-03 -1.312291700702970798e-02 -2.029511534470815164e-03 -8.330788362433796945e-03 -1.447807209662249107e-02 -4.429731693112297711e-03 -1.185217934311317417e-02 -8.349712042771288700e-03 -2.702783612984838504e-03 -1.784801346714158174e-03 -8.871038073240588434e-03 -9.316935290986171070e-03 -1.130455900574071221e-02 -7.811016320004024634e-03 -1.168370144028947621e-02 5.909642885003385570e-04 -4.272695522991466072e-03 -2.812549341824410482e-03 -7.866236302478789169e-04 -8.294478764865212059e-03 -3.117878245880799370e-03 -3.783723361255794063e-03 -1.752894903046145307e-03 -1.256902573300353911e-02 -8.874629191772768003e-03 -2.028228412675996649e-03 -1.316024877538531437e-02 -3.105934216289867392e-03 -1.431043698893623949e-02 -7.639319345378608626e-04 -1.059312543381865646e-02 -6.600658843335622389e-03 -9.249952457340396977e-03 -9.809728875165912160e-03 -1.611578665009040902e-03 -7.576237030725898811e-03 -8.224763832757830961e-03 -3.933457860776748069e-03 -6.410162804872983865e-03 -1.168956630292241434e-03 -1.313683597153630315e-03 -1.276126369831443071e-03 -7.680949143588898867e-03 -7.294936351245890141e-03 -6.422741184279935102e-03 -7.625225512148306635e-03 -2.742304395234871402e-03 -4.947708626968567655e-03 -7.559258539593336282e-03 -1.176180015589781136e-02 -5.587724099497462862e-03 -1.343161438748036347e-02 -3.157162639869019131e-03 -1.278956313653657577e-02 -1.291282665766031387e-02 -6.406559517640958781e-03 -6.917794991782828286e-03 -4.355648648452974743e-04 -1.908697527556714804e-02 8.085384446112800060e-04 -6.028392832542767837e-03 -5.170487775428695733e-03 -4.324444947201039162e-03 -1.120457555949915147e-02 -1.443762266229721338e-03 -1.438435958703463725e-02 -5.082849249834087840e-03 -9.661507801351668784e-03 4.467176134614621319e-03 -1.321428952070653404e-02 -4.827189373006280336e-03 -5.814787080995789149e-03 1.237225965927236633e-03 1.739451193872403739e-03
